Entrez													
224129													
66514													
11899													
12009													
210933													
226751													
245684													
29873													
69601													
75974													
13508													
243312													
207393													
59079													
217219													
270120													
107971													
14810													
14812													
108071													
380794													
16017													
330286													
330814													
99633													
319387													
235044													
229791													
94217													
268747													
272381													
242274													
216028													
211134													
14924													
74513													
18212													
18213													
23963													
23964													
23965													
23966													
214230													
279653													
227937													
19247													
58998													
19346													
20970													
380702													
108116													
386750													
75409													
117600													
14270													
259302													
21923													
17847													
