EntrezID
72584
99371
77097
217219
19268
229227
68817
78283
75786
227634
241638
381353
245877
230959
110351
110380
69116
269615
71409
20265
208618
383787
227731
227800
545156
75089
214931
75914
73419
100113365
19280
217149
14807
230235
329908
228836
69719
14677
319924
320714
140570
100039795
76686
107368
237542
30785
19283
238276
209966
76551
243961
668218
14660
69017
231659
224020
20191
69368
218461
104718
320365
240057
234365
108989
223254
211673
74998
67972
11735
12334
13609
12293
30948
20333
12934
51799
13726
16525
14904
12757
20910
13804
13848
12337
11758
11640
22253
13382
15108
22215
13191
19089
13367
14586
20822
14073
11632
14251
18223
19159
17532
11927
19170
104130
19215
20354
14873
19933
14630
55979
26757
12492
14790
12034
17968
11983
20312
19185
56294
53413
19291
16649
16648
16650
18187
11737
20336
23897
18807
53320
56749
260297
26372
51798
14232
18647
20907
54189
59029
11487
12168
24045
29858
22348
11745
11764
12261
23945
20981
50918
54405
20713
18221
12457
59013
12036
21856
26754
55963
12321
12570
18163
18739
19338
19935
20971
13200
11776
20817
24012
13000
54195
17470
19707
11641
23950
18099
19082
23825
12971
56495
20874
53321
12176
27096
12287
53328
55980
12496
50797
17974
20617
16210
20972
268980
18082
14467
235072
26897
57808
11938
19173
13480
18717
20262
18718
55944
11981
56012
55949
15369
19244
26385
20239
18107
18108
13822
625249
18117
14200
19167
53331
14687
54198
55988
56348
54004
12361
18637
20660
22388
54403
53612
53375
432530
16593
16594
13360
12336
13426
13427
12804
19063
26572
26891
26893
53379
12846
56208
12300
18479
19182
12936
53895
15166
15165
13016
17761
12217
12211
14545
21968
15926
56697
26450
13384
20964
22342
22343
26384
27377
55943
26912
56177
12874
19141
12751
16432
12721
18577
14768
17709
15452
12349
21838
15122
15129
15130
17750
17748
17716
17718
17720
17719
17721
17706

14580
17196
11836
20533
19122
11676
11674
18747
14718
14719
20779
16590
16828
14751
13039
17436
14432
12306
11657
15519
12304
22027
11816
20655
17448
12326
18039
18040
18176
14678
16412
18453
12424
18655
14319
17896
20656
102954
208092
272381
330319
665180
102631912
12314
23936
13627
17025
13030
13682
17762
22166
14862
21399
20130
17254
319186
14775
14077
16783
15516
13405
16728
12322
16438
110959
21454
11820
19087
18641
12669
12307
12858
18570
19085
12805
20394
27176
227753
17967
14555
11931
12260
26451
20055
19989
17449
16785
12317
11932
24067
22123
11749
11837
17755
14645
12558
18212
20741
18102
14863
50708
12653
18754
16832
20536
12799
17850
16485
11898
20740
19025
14433
16784
15512
13806
13807
11771
11772
20341
12867
15275
268373
21991
20525
19262
13033
12215
11988
110651
12631
18679
14681
14104
14870
380684
22121
12859
12857
14828
15212
19241
11757
22352
14066
17756
18750
17136
59069
27643
14672
14682
13010
18549
11423
13723
14151
14406
11765
13669
14609
18950
18537
22122
14799
14800
12955
12359
12035
19035
14860
16993
23918
11668
17113
16898
21894
22350
17698
19684
14395
14396
12385
12652
19231
14661
18708
17463
20226
17118
14225
93898
17758
14674
18786
27367
19417
14827
109880
17751
11428
11532
14664
12323
53605
54138
50884
18952
17957
17357
16574
16563
16568
14824
18753
18458
14696
14325
15211
22329
18242
12716
14228
12388
13722
19088
232333
243616
11651
13167
26395
20280
20527
12672
19293
16653
22375
16560
16572
19385
14083
17319
13850
22258
19247
19345
19346
216344
19328
19334
19335
19336
19330
14811
14810
18597
14085
12330
11767
18477
12520
234267
14758
14265
269261
19899
20224
12892
14670
18984
15356
15526
13429
13430
14806
21872
14360
12331
21881
12527
30930
21780
19943
14081
11305
17179
13177
18000
13858
19290
15194
12469
20511
12861
50709
16410
11677
12632
14227
11364
20979
20980
18195
20479
19181
19326
226180
11566
17912
210766
17999
16430
12972
19894
11669
11671
14823
12801
12340
12343
12345
20818
18197
14782
17827
26398
18642
20255
19988
19944
12908
12929
56040
100503670
270106
54217
20918
11747
269587
14415
14417
19056
19057
16522
18415
12408
12866
14866
11739
12704
15382
16329
19042
19267
12568
19166
21916
20203
12039
14706
14979
269378
14567
11883
11881
11964
11973
11370
14400
18813
19349
22276
11363
20005
14735
15488
12725
11515
14854
11972
12140
11740
20510
16520
22117
18746
407785
15473
13641
13642
12896
19896
13171
15159
18738
56305
20501
59021
12785
269951
16765
12297
19359
13845
13844
23996
11564
13209
19259
11544
20496
13004
11829
19299
22174
20401
17274
11534
12552
16976
20257
269682
57423
59046
11692
19341
75572
66204
70257
66401
67126
110323
109672
22225
11947
20512
22393
56330
56390
110312
233908
59093
73834
67397
109648
66656
60595
68059
121022
72727
13629
74143
110854
140492
97387
22003
228140
233405
94044
234577
76338
223666
217869
170835
57780
239719
238130
331461
68089
20604
56505
18823
16341
23983
76787
57028
93739
67067
11461
320772
64011
170758
12540
56205
13681
211134
67427
20614
13002
19344
56398
19325
235442
66105
22192
53323
93765
66713
54130
12848
104303
24015
74012
19941
56216
270192
14167
19942
19981
53421
11843
22327
268860
56447
11769
68051
15387
22628
69727
66922
30059
30055
30057
20115
19045
19046
19179
19184
20116
267019
22627
20044
66475
20084
27207
68052
11845
67089
16498
329165
53869
21807
67068
13628
20102
19053
76808
232910
11852
53602
268449
20104
26950
14489
326619
14394
11966
19324
67295
19384
65019
109905
20088
75617
27370
54127
14109
67673
14688
14693
14697
19946
13063
114641
27050
19951
26961
22608
18643
78294
19353
18472
19339
15481
22070
19158
15502
15510
12889
22318
29859
18546
13684
14402
26413
19047
19242
14683
22631
14401
16490
16497
15289
56455
14702
14704
276770
18767
16519
20068
18752
56044
20042
67097
19055
19052
18673
13001
19934
11464
22195
14694
18749
22630
22145
22142
227613
18751
22629
56705
66711
16211
53310
16579
19177
17035
11517
18844
18845
12661
26399
20955
17524
23980
20844
19878
15254
22230
19418
22284
15929
12565
320873
20541
14026
26941
13602
17938
51797
14387
11980
12468
12461
12464
12465
12466
12462
19276
53322
116873
665113
232341
19982
103733
67923
15444
11840
11844
12890
11773
56212
19921
224129
664994
20320
13007
12563
20091
20603
11933
19186
23881
16499
11744
22365
11855
15893
12933
26936
22784
12286
14199
11957
20103
18484
11514
51791
56551
14629
12894
22378
14816
13052
19261
18007
22360
14194
26921
18777
15374
21915
19337
20266
11784
12259
50769
11877
22154
19172
67186
66576
54683
12876
14070
16195
14381
19659
238871
18574
14812
13649
11551
11512
20334
18103
269523
22201
12262
12387
16480
11733
18220
13838
17169
11803
13800
11946
14814
20254
16500
14976
12709
18015
22612
19672
13728
16592
18563
68519
12283
11958
11804
12759
11750
18488
11409
12028
13401
12308
16531
13860
83674
223435
629378
636808
381310
102278
19155
227446
70604
208158
108068
69956
241520
210027
211232
218194
606496
234353
233879
72479
80749
76303
69104
109294
69683
67433
68126
99375
109359
71772
73825
66049
76577
68292
243621
210992
67938
69684
229363
232087
101489
69082
270151
226562
216131
74616
105504
68971
232664
224807
94219
70247
319740
72961
76156
72168
231876
232187
52635
209462
76510
109093
13194
229541
546071
68915
76608
22169
66915
223723
218460
76987
192173
215821
239667
75607
67784
380702
103466
380768
69601
107831
328232
77521
76742
216439
327958
73102
269774
239606
23966
235604
231887
68251
230075
71472
67157
67809
78038
234847
333433
66385
215999
225010
100756
14788
26913
69162
71807
83997
257633
242384
66658
227120
236915
234214
382253
231807
226751
224617
75778
381511
210998
226090
68505
108071
238463
76886
319468
72899
320129
75744
69480
432763
270162
215951
270685
234695
215378
212679
58234
11352
170719
382018
277414
215708
233878
321022
74868
403187
72946
243043
353211
72821
216456
70834
75597
207227
94229
73728
240185
383348
245666
320495
433926
77767
105787
216965
69642
277468
228359
228787
497097
271564
237397
230125
109108
218035
380686
654795
380836
68203
215654
381979
320563
108686
76884
216810
109934
216831
217030
380711
76795
192950
107476
432572
227624
230935
74159
381983
213827
67767
18293
13043
17904
15898
13839
14784
14252
20480
11991
19275
19060
19175
26457
12995
22782
270076
14457
19414
22031
17289
19049
20719
20867
53872
13476
16800
15571
13859
22334
22335
22333
67426
16646
26931
14708
27053
21917
15115
18481
22084
12539
16706
11306
20418
11899
12927
26932
20544
13589
21672
22088
18476
18475
19156
54003
18826
20648
14272
18518
11479
26874
12290
12386
11789
15525
21367
12033
27061
12032
20463
19092
15461
12727
16492
15107
18573
11658
13869
20340
14030
20616
14086
14149
14359
16709
14569
14803
23969
13680
13207
193740
15505
15572
16180
57312
16423
236539
16573
16569
13841
16796
26414
14184
77579
17441
16494
18148
18115
18521
18611
13003
18803
18693
13385
13138
13205
19765
20351
20832
22240
20274
20742
20977
21912
22099
22042
21985
21981
20411
13169
20405
20404
20408
17992
13014
17126
17988
22317
18164
30795
13690
26949
22793
19243
19058
26417
18377
26396
16504
12928
72927
20751
17161
242894
12490
17920
20965
18412
15528
11944
20322
12351
19271
19266
22019
14933
14923
14571
20810
22330
14450
66461
100042807
100503659
237831
108073
382056
216363
268934
380785
67300
330286
75687
210573
216963
227937
74340
216443
207393
269784
75770
230101
58996
277360
216856
75209
71529
330267
216565
330401
545389
218236
252870
320007
71435
240843
68732
66972
211548
56784
329152
270893
67839
326618
74325
211446
72543
217480
330369
77629
72404
320717
320634
99010
269109
11419
208643
67412
109552
170750
56747
71978
320938
319996
75686
70661
320011
110524
227059
78339
103573
319807
76302
72183
268932
18191
84652
338355
108737
244654
56298
110279
381813
66691
104831
72416
382014
93885
75734
226849
276846
225849
213006
230249
235461
234663
237868
211488
210673
19070
100732
225326
242667
240332
102058
28006
70762
238988
77407
56808
20661
108058
80334
232975
98660
240283
381290
66259
217124
14924
71960
237979
72145
18213
66425
269060
239217
100434
320165
227331
77980
21763
217342
19679
227632
72320
234594
668212
381921
71902
73158
71302
109154
78618
76846
64009
57294
110954
66489
13665
19240
70549
29873
229905
75007
51792
66477
68117
76467
28018
56463
17955
56462
56428
233489
269295
399548
226115
226016
211914
20430
234730
229791
66414
56403
22151
26357
59026
69780
432442
208922
13446
72205
230868
216152
330050
268902
105689
240121
109711
74741
69605
72948
218038
240753
233871
107260
53761
192976
243819
17760
20370
319518
212996
230233
217866
229709
14707
242425
270097
242274
279653
70530
27062
231570
320472
210044
230085
320150
260315
74256
330814
319387
76707
14269
72685
76441
241727
228355
231760
217882
78937
170731
105782
243743
53860
226407
228071
57377
104418
20516
70804
230904
242291
80904
69697
68215
72634
70381
13854
74781
230709
231801
241296
67154
330790
234729
319984
77006
74383
105083
71764
50529
194590
243499
230861
108083
71911
235574
73046
16897
243548
100383
72108
245684
338359
11302
233071
76960
68477
269614
21923
56079
320840
210274
229715
210933
76108
99045
223626
11736
75409
245446
76965
217695
269116
319504
13383
230649
330914
259302
228026
213350
233870
68666
235315
67898
238799
272031
238880
244373
269643
229279
69077
64176
74187
59040
76740
212531
216049
107065
69089
67803
67870
225791
78070
67892
75705
68653
52250
320981
72003
104799
234734
218639
66162
70911
67974
239555
69773
211187
170638
74551
99237
235431
208967
67561
226591
78830
73991
93747
67790
68087
16467
68115
74451
230598
319642
110886
233280
68449
140579
228769
14376
71703
76820
338366
69156
381314
105445
240614
229589
77531
244310
68942
67306
229706
52551
109246
66998
232536
108958
216821
78330
93687
217737
218506
70572
108100
74238
27402
231148
216238
72852
72585
140919
320024
239318
268890
239857
74020
399558
236727
244723
241134
271981
217337
109264
235339
98732
260302
107045
216197
97212
230027
74513
76813
74901
14299
66659
70223
68193
26611
208846
235380
52850
140580
52882
228850
73385
242481
76983
225392
108079
76499
243219
320951
327814
65973
11778
234593
214897
80286
72552
218756
68839
331026
105148
72065
216136
320191
109349
268566
76916
26895
108664
269854
110391
228960
72590
74167
109731
227541
214579
109689
96979
66193
243385
52538
64451
225363
72542
320528
319448
238205
347722
241919
99031
76809
67988
108903
74525
21960
70120
245537
71941
319636
23912
320405
232201
216028
103967
319801
102323
241656
241568
270058
207565
229707
74718
66590
69091
228061
52837
74182
66514
107684
217692
240028
106957
208194
266692
213760
50492
67886
52398
207375
232813
69551
105847
241263
58869
140546
52389
108909
70425
71946
239796
320506
66679
68646
226757
213056
224705
58799
109136
240334
94090
231380
230866
22200
320271
109676
243312
69499
72160
23984
70974
319655
216792
103978
76614
110460
226744
207615
270190
11308
217733
384281
67665
104027
219189
68299
67490
72125
192197
331532
70675
53382
209131
108841
213326
83814
230577
68404
110198
68606
107508
71729
99512
74142
14680
230775
67488
108155
69807
215690
104015
76089
20362
77582
67078
212647
53972
13855
74013
70369
56376
73288
66084
110078
218952
12847
27374
224105
232944
208869
194401
230872
97487
239528
235611
210094
208715
227325
229211
214952
27204
69597
27979
433256
59033
108030
13358
240058
230863
99633
216188
75475
214459
107767
237553
72393
13121
237459
28030
380752
105653
104001
231912
73442
233805
70207
216134
212139
56389
70047
74006
67452
71701
107448
67914
69399
107975
380840
76932
236792
238024
66945
68346
216440
57874
15463
217449
60441
67824
73242
109857
74342
104886
224860
216190
72993
225887
78808
213469
69617
217265
68758
226251
94253
74370
71795
68262
246316
246703
110891
227095
110446
73420
57740
223691
212307
104184
68572
14852
67445
228550
211389
234797
68636
232227
12298
107747
73095
107305
319945
109232
235606
68021
50527
20974
67299
56347
235415
66152
209586
235661
217707
105513
103694
229285
67254
64933
66082
217057
228545
56085
52055
140559
18799
223722
108116
71474
381045
69940
217517
227700
12295
224904
260299
171171
80883
69632
246317
69634
76142
100604
58194
170711
72832
67826
212627
226977
83767
65106
269338
54725
72736
68938
108679
102857
17475
55984
56457
225913
76482
225362
103850
228607
67812
100126824
103425
72726
215615
264895
216001
235044
54645
73094
107242
75669
215114
102436
17886
68767
110611
27045
21762
11928
52858
77219
64383
28028
20623
228136
64656
228858
66663
218693
56426
67726
72170
216551
68724
77781
66753
116733
69981
51810
18674
140740
213990
245880
226778
170790
73251
329910
81905
121021
210146
109006
73447
70025
57138
68365
108699
94280
104112
67811
227197
26569
140483
72674
107702
64294
74776
66098
11949
104721
66734
101314
234309
27999
73723
98366
104174
229663
71732
73744
105245
216739
226646
69024
108099
66701
68135
68133
214932
232146
107271
52637
52589
171508
103711
64291
23859
117150
70350
93712
26419
73178
226432
109168
109900
69150
76784
232906
21379
107652
217666
75805
103963
19230
52163
17995
100037258
226856
66827
76238
208666
14270
110821
106861
216558
117148
19342
13518
16971
104069
114896
110196
104082
110058
171180
56710
229949
80743
74018
106572
66841
113868
69893
22041
19744
99412
223601
225870
56280
234852
66609
107227
226414
52036
108156
68671
67951
236900
69080
56430
98170
67247
69051
98238
68038
234678
71853
207728
233016
94109
73062
75985
12325
69367
64297
68614
110119
107723
114715
118451
52432
108888
94282
74053
21351
15384
17918
12289
67815
70465
94190
56690
216820
94181
11793
73340
246221
66592
171469
232370
66413
215449
207182
14057
216169
109652
70231
231086
67916
74117
192167
192169
77038
102866
54170
107272
14651
67776
107029
67511
223255
11429
66087
69654
75221
70791
216705
68631
59027
105675
75909
67838
71927
30853
231580
52585
58875
110911
67204
70356
28200
108645
67273
110842
209318
51793
27407
28088
212999
19210
15239
80280
17713
76192
57320
595136
17973
19281
83945
67150
111173
110355
85305
66904
83704
72039
94047
94332
77721
94063
78523
94062
94061
68738
116837
56876
66245
170571
80718
68585
94249
65079
235106
81910
66530
192662
94180
72831
68202
12864
223696
27425
319195
66847
28106
109801
66447
67201
70839
66797
68165
67771
67841
66242
66594
66988
67707
66508
18120
52653
68197
66171
67460
66902
22272
17991
56322
103742
67675
66091
66437
66682
67680
67006
66882
68194
66397
271457
66258
67865
68045
66419
66881
66046
63985
72042
68184
66218
52700
30926
68015
66119
107733
11950
66481
66834
67857
67453
66212
66073
52696
66449
67998
67443
67713
54401
56418
67166
66427
66128
67267
68196
67130
66495
67151
66155
67738
66201
66840
66290
67115
102060
66964
66916
67863
67878
66694
67602
66488
66629
68055
67529
67971
67900
66075
67980
68095
66736
66569
110639
18189
78506
76709
76824
73710
108147
67804
67199
69219
56046
108123
71955
67955
57296
77134
74840
67417
74610
14700
73078
64655
12301
67025
329777
17993
76561
106529
67921
107513
66870
109778
69163
67145
70564
70560
66624
109785
72792
67252
72748
66314
26894
22273
67059
69225
386649
69938
353172
72621
66480
72555
108037
76563
66821
641376
66399
72535
69908
12974
72194
74205
28185
72519
20085
68032
66589
107569
70456
67163
68263
72482
70420
67683
217779
70361
72157
59054
104458
69202
67041
72113
67211
67763
66445
68097
67036
110960
268490
68917
59095
28295
66054
66914
68581
66411
52123
76308
66606
68493
73724
68463
66144
14004
68576
110379
353242
68537
66917
76299
68436
235402
78688
77697
78232
78920
70620
13527
77573
52469
78885
67564
56284
11431
13849
52822
70729
57776
70757
76080
66043
67759
71147
224997
71146
74440
74438
74411
66482
71745
67657
28169
70948
67979
75717
67043
27054
73032
14397
22153
67264
72900
24071
67391
68267
67834
67871
70186
110265
74185
66958
27398
74252
66948
19139
66359
69527
71881
66383
76959
70082
72349
110175
67895
67035
67530
66525
69894
16434
74192
75608
69875
67891
67160
104444
69168
380773
69178
66997
433904
234388
27984
66271
69076
74244
69046
67881
59049
52665
67286
75454
67283
14701
72029
71994
108124
56282
28080
68995
68977
68953
71803
66469
72014
72017
67003
19084
56737
110695
71770
20014
66894
66890
18648
66885
71743
97820
66588
74125
17931
67808
109674
73830
74103
67458
66861
104318
74104
14679
66865
66108
75406
66407
67994
74100
74316
66194
67952
110208
67437
66085
56716
68375
66849
67054
66071
76263
109754
76257
11777
26922
68342
56043
68349
68337
66163
66302
110826
71679
68316
66044
64930
83493
80907
170759
228998
19889
65246
65945
233726
80911
26422
54338
81840
19704
269180
114664
104776
65102
65254
65114
67308
99470
98878
67180
76055
56086
56508
116838
100226
63828
94214
27267
65111
67474
22152
94186
105014
110750
60596
83431
93684
67184
58200
12671
57738
54126
60409
20168
80877
80987
80890
30957
69923
110095
107358
57340
56357
56187
65962
93730
15925
83409
13424
52633
65967
94217
58249
56199
56409
67374
56736
11472
56839
56632
15469
70349
54646
54638
54637
58810
79044
64051
64143
64704
14248
56325
80906
67671
71835
71984
56726
18645
54376
58994
53857
56228
56088
18604
54673
50933
57754
55946
56807
58235
27393
58244
50876
66706
57816
12282
56541
56436
56214
54208
29816
54418
57778
56209
56524
56752
13175
56717
57743
26462
26554
11992
56715
50773
50932
16513
56378
56699
59025
58233
56018
11775
64337
50493
360013
27373
93692
11848
50790
26443
50781
12950
19072
23988
20361
19229
56013
26557
13196
19157
13495
12662
60525
16564
57748
18810
56320
56530
30052
24064
50934
57440
11426
56491
53333
29876
27360
11519
11518
27277
17252
29812
29811
56709
56812
56445
81489
56363
17754
171210
108069
19317
26875
54473
56174
56748
114893
56433
56533
58175
56444
59288
54712
27376
54709
53424
14733
26940
56442
26943
54609
17356
18222
27364
56273
11430
11941
53883
56382
229521
53420
54525
13885
56431
22223
56334
56443
56351
23948
56360
11636
14544
59010
56077
26370
56527
26441
26446
26445
26440
56370
55992
56526
11488
11496
23792
15199
20869
26394
20174
14593
11637
56248
83397
53600
22368
12554
26570
23963
23964
23965
66237
20273
21402
26965
56612
11990
18571
19125
23874
56421
23797
19309
22428
23934
56424
22384
56350
23789
23790
56451
56207
50907
23986
11639
64138
54393
11838
11867
50997
11886
30960
56637
13829
56440
79059
13823
14356
30056
30058
23970
80385
23997
13660
13116
14874
50791
23879
26562
20618
67903
14007
269713
18125
21983
26905
18483
23999
16443
20403
56473
23827
58187
21873
56543
16508
21855
26926
53598
56454
20539
12891
20610
18795
14936
66335
11975
18041
23806
12294
22249
66416
193742
114584
22321
224727
24050
11774
53416
56041
20901
13483
56188
19415
18607
53332
210376
77116
54722
20338
50779
13821
56384
20917
20916
18100
18951
26444
26442
15185
13437
59041
14802
53623
26556
114863
57279
16536
74486
