Entrez Gene ID
74430
319477
11465
66713
224129
13722
11658
217473
81702
11764
11771
11772
71770
11773
232910
64933
11789
11838
330914
223666
192662
236915
56443
109689
66514
11931
11932
11933
107831
71923
12215
239857
94332
260299
12330
212139
243846
215707
17470
16423
382253
12009
245684
380686
12805
72042
231207
208922
12891
93687
104318
27373
19158
13405
13510
13527
13542
13544
56455
68097
13682
243312
207393
13800
105298
13885
14026
627214
330369
70598
14394
14395
14396
110886
14400
14401
14402
14406
14580
170772
14678
14682
14687
268566
14810
382034
606496
110611
72927
26556
15898
67694
12589
23920
245666
243621
240185
209743
16568
16569
16728
14768
71835
56839
242274
268890
241638
59003
17136
99470
50932
17441
77579
242864
80987
216856
20320
319504
235106
18472
18574
216134
23980
18643
18807
67916
19045
19046
19047
18747
18749
15469
107272
19280
68365
19339
67295
19342
271457
19344
19349
14694
74012
381110
67809
66049
20418
20512
232333
386750
75409
67826
20648
72572
71069
20977
330177
224617
54610
21838
21872
74868
214531
213988
66648
59069
55992
94090
109658
22223
22333
56433
233405
116733
83767
211652
52357
52696

