Entrez
74430
319477
27407
27406
11363
94180
74205
50790
60525
11465
66713
11496
224129
27360
230775
319387
11544
69597
13722
11658
56454
11676
109676
217473
81702
11764
11771
11772
71770
11773
232910
11775
64933
11789
72993
11838
215821
330914
223666
192662
236915
67211
56443
109689
66514
58208
11931
11932
11933
78937
107831
12032
94044
71923
12215
12349
12290
56808
12294
12295
12297
12298
239857
94332
260299
27062
71902
12330
12334
12343
212139
243846
215707
17470
16423
320873
23836
12565
382253
110911
12009
66075
66098
12759
245684
380686
12805
53321
170571
72042
231207
208922
12891
12894
94109
93687
104318
27373
26965
71745
26554
12453
20430
76884
13116
19158
98193
13176
13175
13194
13405
15502
72685
74006
103967
75221
13510
13527
13542
13544
13427
56455
68097
93747
13177
67160
13629
224045
13682
243312
207393
140580
13726
13800
13823
105298
13848
13854
226144
13885
14026
211446
53413
102058
627214
76820
223601
14104
330369
70598
399558
24108
242425
14394
14395
14396
14397
110886
14400
14401
14402
14403
14405
14406
14407
14580
14583
170772
20340
14658
14678
14679
14680
14682
14687
14670
333433
268566
67839
14806
14810
110355
268934
108071
382034
606496
14874
234889
231086
56422
110611
72927
319179
326619
26556
320191
14979
18415
14828
15505
12282
15898
67694
12589
93842
76614
16210
23920
226432
245666
243621
240185
211255
16485
16490
16500
239217
209743
16568
16569
16211
16728
14768
71835
56839
269629
108030
242274
268890
241638
59003
17136
99470
212307
320772
170731
17312
108958
50932
17441
246221
17850
77579
17920
108124
17957
242864
26422
26562
50884
80987
227197
68349
58998
83814
18039
269116
53972
59007
192167
216856
245537
100113365
18128
19155
20320
319504
18189
18190
18191
235106
59024
216440
18472
241656
269614
18570
18574
216134
23980
18641
18643
53328
18673
12034
18799
18807
67916
229791
72324
320472
19045
19046
19047
18747
18749
18750
18752
15469
69017
107272
19182
67151
19266
19280
68365
19324
216344
19338
19339
67295
19342
271457
19344
19349
14694
74012
19699
59040
101489
381110
67809
66049
20014
16898
76846
52822
68653
24045
20334
27054
20418
232813
20510
20512
76376
67863
66972
18674
11739
11740
26457
20527
94229
232333
245450
386750
75409
67826
20616
20648
72572
18412
27364
71069
20907
56216
64051
64176
20977
330177
230908
110960
66687
233204
224617
54610
106529
23964
23965
22042
330267
21838
21872
208151
74868
214531
52837
21960
213988
66648
59069
237553
55992
69807
94090
78339
109658
22201
73318
22223
22284
30960
56491
22321
22333
22335
56433
233405
65114
116733
224705
83767
211652
52357
103573
54401
22628
22629
22631
227693
52696
